0 0.3 0
0.00485 0.3 0
0.0097 0.29999 0
0.01455 0.29998 0
0.01939 0.29994 0
0.02424 0.29989 0
0.02909 0.29982 0
0.03394 0.29971 0
0.03879 0.29958 0
0.04364 0.29941 0
0.04848 0.29921 0
0.05333 0.29896 0
0.05818 0.29867 0
0.06303 0.29834 0
0.06788 0.29796 0
0.07273 0.29754 0
0.07758 0.29706 0
0.08242 0.29654 0
0.08727 0.29596 0
0.09212 0.29533 0
0.09697 0.29465 0
0.10182 0.29391 0
0.10667 0.29312 0
0.11152 0.29228 0
0.11636 0.29139 0
0.12121 0.29044 0
0.12606 0.28944 0
0.13091 0.2884 0
0.13576 0.2873 0
0.14061 0.28615 0
0.14545 0.28496 0
0.1503 0.28372 0
0.15515 0.28244 0
0.16 0.28111 0
0.16485 0.27974 0
0.1697 0.27834 0
0.17455 0.2769 0
0.17939 0.27542 0
0.18424 0.27391 0
0.18909 0.27237 0
0.19394 0.2708 0
0.19879 0.26921 0
0.20364 0.26759 0
0.20848 0.26595 0
0.21333 0.2643 0
0.21818 0.26263 0
0.22303 0.26095 0
0.22788 0.25925 0
0.23273 0.25756 0
0.23758 0.25585 0
0.24242 0.25415 0
0.24727 0.25244 0
0.25212 0.25075 0
0.25697 0.24905 0
0.26182 0.24737 0
0.26667 0.2457 0
0.27152 0.24405 0
0.27636 0.24241 0
0.28121 0.24079 0
0.28606 0.2392 0
0.29091 0.23763 0
0.29576 0.23609 0
0.30061 0.23458 0
0.30545 0.2331 0
0.3103 0.23166 0
0.31515 0.23026 0
0.32 0.22889 0
0.32485 0.22756 0
0.3297 0.22628 0
0.33455 0.22504 0
0.33939 0.22385 0
0.34424 0.2227 0
0.34909 0.2216 0
0.35394 0.22056 0
0.35879 0.21956 0
0.36364 0.21861 0
0.36848 0.21772 0
0.37333 0.21688 0
0.37818 0.21609 0
0.38303 0.21535 0
0.38788 0.21467 0
0.39273 0.21404 0
0.39758 0.21346 0
0.40242 0.21294 0
0.40727 0.21246 0
0.41212 0.21204 0
0.41697 0.21166 0
0.42182 0.21133 0
0.42667 0.21104 0
0.43152 0.21079 0
0.43636 0.21059 0
0.44121 0.21042 0
0.44606 0.21029 0
0.45091 0.21018 0
0.45576 0.21011 0
0.46061 0.21006 0
0.46545 0.21002 0
0.4703 0.21001 0
0.47515 0.21 0
0.48 0.21 0


